%YAML:1.0
---
type: IMU
name: rayz
Gyr:
   unit: " rad/s"
   avg-axis:
      gyr_n: 0.00081693440259271541
      gyr_w: 1.4309853853009733e-05
   x-axis:
      gyr_n: 0.0010371564973859536
      gyr_w: 1.6772110030431426e-05
   y-axis:
      gyr_n: 0.00076627153941889086
      gyr_w: 1.6047553583169692e-05
   z-axis:
      gyr_n: 0.00064737517097330176
      gyr_w: 1.010989794542808e-05
Acc:
   unit: " m/s^2"
   avg-axis:
      acc_n: 0.0078166430232818676
      acc_w: 0.00018313917336258711
   x-axis:
      acc_n: 0.0059752426477113164
      acc_w: 0.0001939543868680603
   y-axis:
      acc_n: 0.011738661907350822
      acc_w: 0.00017365975937916006
   z-axis:
      acc_n: 0.0057360245147834643
      acc_w: 0.00018180337384054104
