%YAML:1.0
---
type: IMU
name: rayz
Gyr:
   unit: " rad/s"
   avg-axis:
      gyr_n: 0.0010436719670573644
      gyr_w: 1.7827871651999237e-05
   x-axis:
      gyr_n: 0.0011714509399673174
      gyr_w: 1.8098144341623813e-05
   y-axis:
      gyr_n: 0.00081093747308475103
      gyr_w: 1.8556623876796683e-05
   z-axis:
      gyr_n: 0.0011486274881200252
      gyr_w: 1.6828846737577212e-05
Acc:
   unit: " m/s^2"
   avg-axis:
      acc_n: 0.02248457302947927
      acc_w: 0.0005675052585167726
   x-axis:
      acc_n: 0.021603911547194071
      acc_w: 0.00055172086561497305
   y-axis:
      acc_n: 0.020655383547655636
      acc_w: 0.0005897749136436134
   z-axis:
      acc_n: 0.025194423993588098
      acc_w: 0.00056101999629173157
